$ANSIBLE_VAULT;1.1;AES256
30653534616338376562316266313865353561396564326264646136633665633635633064626432
6563633832653463303331656539346461343431353238390a333565363736626533383135653031
34663334353865356166373062363733386363383864393761663133623766343961643830663136
6130326666646338390a393433343538616635343862303635353530663262643631633362633731
65346334623931623831663464376336663236636533666663323536336261313561303238363839
37343634303938316532316335386666656538396330613566323263633237393837326231663831
35643565376134363934626437386634643063346136363562373864356265613531616566393962
39353130333936353238343464383865656631376434656635633061623631313931353833343862
63663831333734306261353839366534373335623731343733313139383136653133336635353366
34363236353931643362623034343463326239636365356261633636386661626536323739343463
31626362663661323762313032363561346638333162653233656533373833373266623365616465
66633032333736613537376137383738613962646639343235306633366635383431363438396262
35383461653230396162353266376436633661303739646539303231383330363634326139353361
33363438343931646431626333356363343737646130663566366532623061346461623630366238
34336335393836333465383166313533636264343938383939623135646266363931663130613637
63616362646334613763303030633934363230393161353031353435396361303335323461363435
64346136393736323766363639613866333863326233653565653962616163346639626363643030
39373137636435383761623639353962636663306337613839663539336431333336646262323536
63393031623133366162626138313065643262336338353634333461303466626635303130313862
63303838623636623730373965333835636161323533383633346636383030633733383439393738
37643936306533336135306338656431633565393237613862313436656562343034396336626334
63323032363438303832313163376639356266353732646461613930303733303436623033366561
66346561636130346439343037373134326439646231666162383932666337326361666436623335
66353431636665356165616365333464376338363739313732383834336532646537343139376234
34353866626135363765333136633365396232373463383339643962643935373633366430643163
62343062623261653666373233643834633432306166623466333135303563326466656638623966
61313061323665643861666236366161616562646538326133353136613566663262396233363562
38356238366636313037616466393033316663366333393736643830366330303030643366343233
32626661623330333338633863373935373039656363636461363437313365346433373331326263
34613736363766393438666434313965613136663830633566393461656362393036616635613438
34316561323739616631623737353665633431316232336165316162656632303339346232326430
30633963346530636137396163373065323466346136373566643061333262313234323036353331
37396564623532653931623963393738316666336534373832353966386533323036313133383936
65393466646230306164666630663530376166373531663066376135663462636233613335356365
66643664303632626532363139633138363235646234663564353439393534626636323662393163
63633431623735333235383934366434646330336262376637393038336265383236386566373338
63353736346336353232343461303835336535613339333931383438623066363434353335346465
66616532633830643438393731633433633334376631666633643137666137376663333366396561
36616636386639653430376339363539626535386636616436393230306265333433326639386631
62396637396134613639623330613163616134663633623162396264656566366532306534353863
66646435323733303639316362353436326661613633353437343033386533396239633462663935
39323335626332383535313061343065316634373765663635623832363664643964313665343239
35366539346438326432363635333833303266393534643862353933306663623635383139333837
30316534653361336265353166326336363935383132653365363935626230323464336362643363
65373736363631323130386334633530343837343630623631313336386639623863636433633538
61393262613437616631343235343438643064336363643332623132643435616438333533343235
39356538623865346663316439373137393039313334326332646630376461366665383838376431
63346665343265643561326231313531333465316537306262343132326132383637346636333538
36393333373363636562336239336266626161323164396633376233393262626331303330623532
39363466353837656563663138633835363163333039323662303534316562666233353036393364
39313738313037353636623431363865373430333533373763666339613439643134373661663964
30333861336433643462636137653261613165373862356162336430356338663361633838643337
61303166653638633336346165333730386436666362353837653133326331666665626436356636
33636336653839643639633465636437346532356266616261316531613339633330373537626131
37303034623435366532333037346339643562343262376133623862633336323866393139656661
30636536343066653361326564346466666136626132393638313064353432343762313762636463
36643831333761333361623837303835363535336634626132353838383663313866333839333837
36633963393732326632633762613566363464323534306465366335343234373935333466653139
64343463356265326161383139303235613339616535353662333266633035343730623163316530
31633430626436326130363135356536333231646565623034343631616137326164373934333465
61656162376163383036633363333161643137666438306237363130346533393764363230383064
34623037356438666464313961653665353336353862393032386239383939633130396236646638
30653937343963376634663538336639333432343530393539313134306439613963633331613338
36363235636562643335633938313730616362613064376430306437336634366463323033653562
37613936393261313761323635653534643166666662373837623434643864663663613732353438
30356338363435666238336662343862666433653661323465656434353430323962343339323364
31376131336665393066393634333962313465666430336437333237343439346239646338393838
66383361656361383435356431613964356431366464333964663566323539316631653332373432
30646136656662306639613530343464346238646265666262383839326537633939653438653164
35653935363763353139623839613664373431313063356665633435353231343433336634336139
61653063663763656533356138376635323731343835333331356631626364646636376539343234
36323066356665363239353061303866353964616165353264666162613834643337396232663434
66363736653834336336386535616633396265346630363839333365316133666663376230326264
34313231303136653430343235366531373939396366373030333763366534393861373562353535
34343564366238393661383865303339306630366631376338373463306663643239393664303233
61643365303234303434303461656566393362376665393534613137376532643436323539653330
64643932393933646534373661666430633531376132623336366631313265316364663634323164
32393637623831633032656466626562383439343439323333643763656236393664373538656132
61333838313236613062383636326130626331396436386133376433396436303662613833646632
33656430323162666638323863386164306130616230316263333863393037646639353936356262
30313836613938633138643333313464366466303734356661663064366530623462663334396332
35316136326563303732656335373930616238653034613361636463333635663734663635396134
62313132383535623337653261623131316566626234623266613765646132373839363136643032
30656363343161643966313238313462623863303936323664343936643730656563383136653065
39336538656335626662626165363535333264393937346637303239643637383133356664353633
66393036383535346135316438313133643830626231306561636234653863366164383665613335
63336339633430323962396263306439336337643836396639613063636434363931663765393336
64653436326137363430333532336262326536306332393131313764363366386664623634383638
33363363626166316362333838363263316231353961643232623836313064626335653233333563
65353162313261323731383730656637643130623236666662663430613861623362623537656463
31373739353636383730346132396633643461356563313035636132366365303066623065616564
32636466343763363538393930613132666533323738313738633631633232633964323935616631
37336534366365303934326136396530366538343964366363623933323265623936643466333163
34336263663936643633313339373837656361633830323735353262636462656665306434303864
38393634623134343839353864663761363031633264336266663164313934386334383838396330
66386665326366323034653362333838333666393134393432326265326430623732343633396261
61363838356461386561343336663036623033303264666239363232646631613735396535613864
32623434323731613331353831336363666232346637316332323931343630663864613936653764
31383061303437393965326239393266383732336639636236326465346262623836643733306539
61353432333966333562363035623761613162666166633234363231646439616131383230623965
33353361646638303564633163323235643935303865373765356539303330346662663538653961
38626163653862663733626636666534656636333561616166323937373435373962343232363532
63303334303862613337333965626330656230636165383363313031393139623339366562393433
62393566633932396537613735313832646566653336323461316639313538303532393139623534
66353937356336656230656663623230633938376233313735663531326431386639363833623830
35663336636261353437626362316137363435663437343335613430633137623366363239666130
64336664623930633961393434623864613630396530646564333436386466633534303030316238
65316132633366363161656530613365363534353930353539383535383133383231366561616139
39396338353233636266613865363862333036666265393364376265316139616565623564393230
31653061613738313266663764333163623439636162333066653461333562313633373666616336
34613033316162623730383438613465623065356562633737613638626534623266653164643261
36303038623466316233633239656136646230343864313763663366383930373037633266333365
34646364313333376566623130343731343136396539643734326335656563613634313538313965
61336439386438316230333534346635663963336461306631393263656131666564386434363531
65303336383937326631656564376534396335666134353535646361353864306263386337343236
33323663653233383763396466626632643563323031303435366264613737343939353635386530
39323633393230376634616161363239393736643536396162353765636433653132366562643434
32363232623833616334306530346235356531346539363036616164626364613139633631636263
64336466346664616335313334386130646164316633623234393732653036623435636563393732
35666432653132393261303739373365323233613936323832656163636636323735623863366330
35626635613132326532363863336339643333326165623662373034393037663838323336323066
36313732636630666662656637396238633131353734326133383237613863333861373839623362
65653465623335653032323335323762386362333066333832326666616262623964623630386366
65346537656231326266333739653136316665663564623161623136313966343861303430303030
62613561646230306634366633386163643362323261326631663431303064633535396634656439
37383063623566643030653465353662313138636262343038353435643232333132613964643464
64323930303966633666376330633736366434326465343461613638363131386466333461616264
39323136396666336565383133653564633262636434626136313732623962336161383938306463
62323533393765343461343166636563633464663336346335383466633137306236376361616331
65663831643036633462323137353838636630363562316662383664356161323762623163386361
32653831653139633431616438633630616163366239613330396238373136616336366464653038
36396662383930313362616333383930303235366263343064323834343136306565663665353037
31346230316337643263363636366434366463623062643236626333366530323739613161333565
61383565386365636466643539353964366164623865646535656362333333386136316133663834
66393335613732636332383637363536393032356664333965313633643065343632633033396430
65333634663765366466613263626564623934376134663162326432353336623839663437333962
64666466346165316430306564643336363531623831306661363838646561613137363138633738
61623664376435613239323030613733343134353061346136643161666434383436343265313532
39343132653839366139626239626434633239633366393362343064386236383766383933616539
64656438313539353461363061313937663764633839386239303839393438616333326334373365
33316237353237323730356662666230333366386632623561313733336566323435316365326261
31633536393763663563306535373736303033633238653862353765643732613136613965356632
32346433633033356631373463363065646538376165343638643538353234366634613231363464
66343936356230303134663264393530356433343434326365376430383934656361383039303265
63343132343433663438313635383566616537643635613333386330363266626561366532343766
38353635373237653732393638366635613861663662383461643363663538643831323164616261
66633937623365613631633934613163616130333530386536306533316565396361626434353238
36643537363566343465346633666462353739376163636633353031656530663931373366353839
35633266616365386137363236633238363961613161383966613033323061336630376364333530
35653037623862663231376233336362326430393336306264653135316132393239623037616332
64373062613438653139396661633239343139363832333339343362336434646435316463323663
39366630396636353037666363646164336265666463343066346235383465373564613530353830
34623161343432646666336335393835663039623964316331646662376631343636393038376466
35356138366531313434396639313065663137396462366564316630656662326532356163393033
32663764303035623338356262313635346564333432356666383032656231303732333732633761
66316138373263306238636437316632353165393236626538353062393734616239663334396366
37616631663162363862613339396232653337383137363032346664616634356237663134306133
37626462393161313331353733656335623961353235373035386233396632666465383239393262
31343338343430383566353663666335346139666431623237316666646463636436666462653532
33623462323631656437613537383438633538376438306433616163383836653431303637336662
62313933353036643938656165373064653535363337376139633536373334653132356563303363
34353032343038376530346663343337373462383366356632616435356137636664373736386565
36336439346233613164306532386265356561386261313865306566643630633761663466653333
64646639326261326363346461363961633736353833646237376263353865356361356139316130
61666138666262643035653364653463303764313666623631643762653138313765356431383238
65353366643939646236643863386338316565376439313634336366356336663862323137386163
64653731336366383035323462363465333966366632373933386565643566323730346230383364
35333565326133353364643466316364616363623130616537646261383665396461393264303166
34363862653162643631313334633263643637656265376237306663623933343630316238313965
6462663537663734343362316261336165653239643130366536
